$ANSIBLE_VAULT;1.1;AES256
30363361383166313564363430633565626263323537613334383064393436616336366431613664
6662663239646537363936336336333363376235666364370a343564303163386639616363643737
31356233346438303938373937626131616164396237616536316663323637363330363130333037
6332363937633937390a363732386536386662396235306361636563646334333364306166323631
61323763653865393934623231613838346635373861623332363233643966626331623633363164
36633537326435353865633036656436316530623261383964393264383863396562356639623730
63653461626331373831316335613831336331393430396535373937383332393432626261643436
30333438656463653736383163386438346334613639333336303339376233326264623763646635
37303736323562333131643064636264623665366234373631346537643164646333316632643263
35663531656438323565626235333838663038323262383437666537653535306462363235633737
39613665323233643862336336616533336431336434646537363563616563633937356362613331
32663430363937626535386239356366393630393035373562343964336536323632653732666236
31353665353831306466366266633633383035333639353961373339366636383434346130383662
65626434303664343863633437313934633035636661323532383463633663623331313037383933
62613336616163313235326561306635636534386131306562353434653337393164393437663432
61633631303963613637